9037618 31937644 114760235 157272379 204102747 316657494 378469911 406011017 410228794 445319129 460686763 537322532 873199181 898250874 963067122 
1045596417 1120214135 1144590384 1165136043 1277849958 1282648518 1312630443 1343399861 1411549676 1447267605 1475717766 1486222842 1551872567 1622597488 1647149314 1649709016 1827336327 1941727088 1955552424 
2032764784 2065056778 2069110699 2114937732 2195283239 2561528293 2739842630 2743115177 2812008419 2821056532 2873170148 
3363743671 3385066661 3394614370 3422123202 3545985432 3581116592 3618313048 3639806732 3720400128 3914926831 
4216012053 4246468201 4345172054 4431117765 4486324087 4698180100 4815210979 
5051433082 5337444662 5357480907 5597476523 5598025345 5633386137 5686973402 5756454531 5840767630 5892027506 5994841076 5996437265 
6081121454 6180283029 6270215422 6328801212 6415717634 6416776223 6437116466 6695114078 6710443778 6738990470 6759390071 
7016031590 7150533332 7568387796 7605089898 7747123256 7771170625 7966875725 
8227611759 8320590120 8332877333 8925927792 8973157506 
9120048829 9351797369 9369242345 9496781290 
