226991791 730414867 2259 2033 3444 510401111 724 -9951 -2551 933852933 -5319 615 4716 414865256 248668771 
301046502 820866212 550431657 804647 -8296 9990 533 627565421 -5535 -12 52381963 2761 306540756 -8478 -928 1089 -1670 -6274 456672012 
839070421 262469226 1887 5648 465631160 62919259 570557378 606068408 708633004 993490748 950944967 
569121666 967973171 867728449 851317998 428918876 153124575 506223409 -3455 596847331 240369240 
186042994 230630635 242073982 955607079 479915625 823948198 971363492 
377077960 824883557 340586946 937572694 999465812 755417304 216044578 295929299 122819906 826429040 654045939 418160257 
455222931 705161195 4064424 871247134 151910483 70711940 7739 541186324 678828569 715065132 786446483 
766306975 892069286 446563680 355299679 428494961 422976320 557099754 
467328502 552117047 82209734 229252834 723163263 
10901 0 291571669 406908957 
