406899938 510401456 818783585 627563171 730416404 428485083 990940269 993489290 121117053 837629456 
807232 254258171 820864592 306543304 52390737 301042813 853025117 755419612 803367727 550430066 
62920029 652935517 262469546 414850130 708632070 602352424 766304669 990352045 606071627 856144970 
569117116 153131905 82209409 456668397 433581637 506219483 240382067 596855483 823956850 867729949 
291576615 971374508 626477660 242086781 955600297 230629367 479918252 465621994 186041802 826423036 
122816817 967960304 722930369 824885893 377073324 340592917 226998716 216046852 933854336 654047752 
999456458 786454003 70711379 715062043 552113943 455224177 705163556 678818734 871250805 541179811 
892066868 229237308 446565730 117459467 557110427 355290737 422978144 851323105 592698166 917402949 
950950992 467321134 418156279 722298872 570555728 754098150 278965965 151919973 723165848 248667907 
428920797 22818412 295937140 4053311 937576978 253974214 36954538 767632251 839073254 447271111 
