496781290 316657494 418218165 343399861 31937644 747123256 935793747 821056532 486674156 174998391 
1165136043 1002749101 1120214135 1551872567 1475717766 1045596417 1449074698 1633386137 1498816692 1144590384 
2561528293 2858810638 2065056778 2898250874 2812008419 2520153333 2016031590 2541529239 2743115177 2761106134 
3363743671 3581116592 3332877333 3955552424 3802053154 3618313048 3914926831 3720400128 3698180100 3394614370 
4369242345 4815210979 4194603084 4345172054 4431117765 4246468201 4486324087 4195283239 4216012053 4892027506 
5840767630 5385066661 5307936819 5337444662 5051433082 5357480907 5009037618 5686973402 5445319129 5994841076 
6598025345 6759390071 6416776223 6738990470 6320590120 6081121454 6180283029 6710443778 6328801212 6695114078 
7150533332 7925927792 7568387796 7122659112 7966875725 7605089898 7771170625 7422123202 7407104340 7829188425 
8873170148 8227611759 8996437265 8753741022 8739842630 8987334379 8778908070 8415717634 8973157506 8963067122 
9545985432 9848276226 9756454531 9270215422 9597476523 9935797441 9587057469 9244109902 9032764784 9018980666 
