2 3914926831 95 
2 1144590384 68 
3 2812008419 3581116592 62 
2 5385066661 40 
1 343399861 47 
3 7150533332 9597476523 3 
3 1120214135 3698180100 77 
1 4815210979 11 
1 418218165 21 
2 6738990470 94 
2 7829188425 36 
1 3955552424 70 
3 8963067122 9756454531 2 
3 1498816692 3955552424 36 
3 1144590384 8415717634 83 
1 8753741022 11 
3 9545985432 3802053154 58 
2 3720400128 11 
3 3720400128 3720400128 90 
1 1120214135 27 
2 9587057469 86 
3 7407104340 5686973402 69 
1 8873170148 83 
1 2761106134 11 
2 9545985432 21 
1 7925927792 24 
2 747123256 56 
3 4345172054 6081121454 25 
2 9935797441 51 
2 4194603084 49 
2 5385066661 87 
1 4345172054 13 
1 7605089898 28 
3 8415717634 5337444662 55 
1 7966875725 90 
2 935793747 2 
3 496781290 3720400128 29 
3 6416776223 3332877333 40 
3 6759390071 4216012053 50 
1 9597476523 59 
2 5840767630 25 
2 4345172054 39 
2 1144590384 64 
2 5445319129 8 
1 1633386137 84 
3 8873170148 1045596417 63 
3 3698180100 1045596417 80 
1 7407104340 24 
3 8987334379 6710443778 17 
3 4431117765 1045596417 92 
3 7122659112 1449074698 40 
3 9032764784 2761106134 89 
2 6180283029 64 
3 1449074698 8996437265 83 
2 4246468201 13 
3 5051433082 8996437265 31 
3 3955552424 8778908070 70 
1 3720400128 68 
3 6759390071 6710443778 95 
1 3618313048 72 
2 343399861 14 
2 7407104340 92 
3 935793747 9587057469 51 
2 2016031590 96 
1 4815210979 80 
1 7771170625 81 
2 6320590120 17 
3 3720400128 3802053154 34 
1 2520153333 6 
1 8873170148 58 
2 174998391 14 
3 7422123202 2858810638 83 
3 4246468201 935793747 46 
1 418218165 28 
2 8987334379 47 
1 8415717634 76 
1 4246468201 5 
3 4892027506 486674156 75 
2 9597476523 53 
3 8987334379 4892027506 58 
1 5994841076 73 
3 5337444662 9032764784 55 
3 7407104340 4892027506 59 
1 6738990470 29 
2 4369242345 0 
1 2016031590 76 
3 3720400128 3914926831 99 
3 7150533332 3618313048 24 
3 8973157506 418218165 39 
3 3394614370 2561528293 87 
1 5994841076 17 
1 5994841076 37 
3 1449074698 6416776223 6 
1 3720400128 54 
1 9018980666 25 
1 4892027506 68 
2 3332877333 92 
2 2065056778 89 
1 343399861 82 
1 2520153333 64 
2 7605089898 14 
3 3698180100 3802053154 14 
3 31937644 418218165 80 
2 6598025345 95 
1 7925927792 38 
2 9597476523 40 
2 3955552424 81 
1 4345172054 24 
3 7122659112 7771170625 37 
2 2858810638 95 
2 2898250874 55 
1 3720400128 11 
2 7568387796 35 
1 2743115177 44 
2 2761106134 98 
1 4195283239 58 
3 821056532 6710443778 75 
1 4431117765 93 
1 7829188425 55 
1 2761106134 7 
1 6081121454 84 
3 7605089898 5840767630 0 
3 7150533332 6598025345 65 
2 31937644 98 
1 5009037618 18 
1 3720400128 77 
2 9018980666 73 
2 7966875725 94 
2 3802053154 54 
2 2065056778 93 
2 7150533332 2 
1 3332877333 99 
2 4246468201 51 
3 5357480907 8415717634 60 
2 7771170625 18 
2 3914926831 51 
3 6710443778 821056532 31 
1 9597476523 10 
2 5686973402 0 
3 9032764784 4194603084 44 
3 9587057469 2065056778 43 
1 6598025345 4 
1 8996437265 12 
2 4216012053 90 
3 8739842630 747123256 31 
2 935793747 9 
2 7422123202 98 
1 2858810638 24 
3 8739842630 9018980666 71 
1 935793747 17 
3 7771170625 1165136043 69 
2 4246468201 15 
3 1475717766 4892027506 95 
1 4815210979 41 
2 6695114078 7 
1 4195283239 29 
2 6759390071 70 
1 3581116592 48 
3 1551872567 5686973402 48 
1 1045596417 37 
1 1449074698 34 
1 3914926831 73 
2 9270215422 79 
2 4892027506 81 
1 5009037618 36 
3 8963067122 31937644 26 
1 9545985432 19 
3 6710443778 6759390071 97 
1 3955552424 81 
3 2743115177 1449074698 91 
2 486674156 79 
3 7605089898 6598025345 47 
3 3955552424 9032764784 12 
2 9032764784 30 
3 7605089898 7771170625 42 
2 4431117765 30 
3 6695114078 5994841076 6 
1 9587057469 70 
3 7771170625 6328801212 92 
2 486674156 43 
3 2520153333 4431117765 80 
2 8996437265 55 
1 496781290 52 
1 316657494 94 
1 9545985432 28 
1 4486324087 56 
3 486674156 2858810638 5 
1 496781290 88 
1 1633386137 89 
1 1144590384 58 
1 821056532 3 
3 3720400128 5307936819 8 
1 5337444662 18 
1 3581116592 33 
1 2520153333 79 
3 343399861 2016031590 88 
2 31937644 26 
2 9244109902 54 
2 2016031590 62 
2 8415717634 13 
2 4892027506 43 
2 418218165 75 
1 7771170625 5 
3 4246468201 6081121454 94 
2 2812008419 37 
2 9032764784 80 
2 6328801212 38 
2 4486324087 12 
3 2541529239 8963067122 32 
3 8739842630 3720400128 10 
2 9545985432 46 
3 1633386137 4892027506 89 
1 9018980666 82 
3 7771170625 8778908070 8 
2 9244109902 68 
1 418218165 76 
2 2812008419 64 
2 1144590384 3 
1 8973157506 12 
3 935793747 1633386137 81 
3 1551872567 7422123202 54 
2 8227611759 68 
3 496781290 4486324087 40 
1 6081121454 78 
2 2065056778 10 
2 2065056778 85 
3 9032764784 8739842630 88 
1 3363743671 81 
3 2561528293 6416776223 39 
2 4195283239 6 
1 3363743671 14 
3 5307936819 4486324087 44 
1 9244109902 15 
1 9597476523 32 
2 316657494 32 
3 2016031590 1551872567 26 
1 7966875725 57 
1 3581116592 63 
2 3363743671 28 
3 4345172054 6738990470 61 
2 3802053154 32 
2 7925927792 29 
2 7568387796 89 
3 8227611759 7150533332 75 
1 2743115177 14 
2 3581116592 8 
1 7122659112 36 
3 6759390071 7407104340 96 
1 6180283029 80 
1 1045596417 30 
3 8739842630 4369242345 4 
3 8227611759 5994841076 50 
3 174998391 4815210979 26 
1 5051433082 10 
3 9756454531 9935797441 80 
3 3394614370 8973157506 14 
1 9935797441 50 
3 4194603084 6416776223 19 
3 2812008419 7966875725 19 
1 8963067122 78 
3 5357480907 3363743671 79 
3 6416776223 7966875725 83 
1 2520153333 82 
1 4194603084 26 
2 2561528293 7 
3 2743115177 1002749101 20 
1 1045596417 3 
2 7422123202 43 
3 2016031590 3618313048 67 
3 5445319129 6328801212 4 
3 418218165 6759390071 56 
1 6695114078 94 
1 174998391 69 
1 7771170625 63 
2 1498816692 9 
1 7150533332 32 
2 7422123202 26 
2 9018980666 41 
3 31937644 935793747 28 
1 935793747 90 
3 418218165 8987334379 83 
3 496781290 5051433082 89 
1 4892027506 39 
3 9848276226 3802053154 70 
1 8873170148 88 
2 4369242345 14 
3 7829188425 3802053154 57 
3 5686973402 5307936819 92 
3 9545985432 3914926831 45 
2 6598025345 30 
2 3802053154 28 
2 31937644 71 
1 31937644 73 
1 7966875725 36 
1 3363743671 54 
1 1120214135 32 
1 8739842630 59 
2 418218165 71 
1 6759390071 13 
1 2520153333 72 
2 5840767630 95 
1 4431117765 22 
1 9018980666 69 
1 8973157506 36 
3 8739842630 9597476523 65 
2 6598025345 66 
1 7407104340 52 
2 6759390071 74 
3 6759390071 9244109902 93 
2 4431117765 14 
1 8996437265 67 
3 7925927792 6710443778 97 
2 9270215422 43 
2 7966875725 49 
3 747123256 4815210979 10 
3 4216012053 5385066661 10 
2 1498816692 29 
3 4246468201 9545985432 86 
1 2761106134 0 
3 6759390071 7966875725 2 
1 9244109902 62 
1 7122659112 51 
2 4216012053 24 
1 9935797441 63 
1 2561528293 35 
3 6416776223 1165136043 69 
1 1144590384 72 
2 4892027506 80 
1 7122659112 84 
2 2541529239 1 
2 2520153333 21 
2 6416776223 54 
3 9848276226 4345172054 81 
1 7422123202 86 
1 2016031590 12 
3 1045596417 1633386137 10 
3 9935797441 8973157506 7 
3 7925927792 821056532 29 
1 7568387796 29 
3 4369242345 8753741022 31 
2 9587057469 95 
2 2065056778 16 
2 3698180100 95 
1 8873170148 7 
2 174998391 26 
2 2761106134 29 
3 8996437265 6738990470 55 
2 2065056778 95 
3 8987334379 4246468201 55 
1 9935797441 20 
3 8996437265 8227611759 85 
2 3914926831 76 
2 8987334379 94 
3 821056532 1120214135 79 
2 7568387796 13 
2 5307936819 78 
2 5357480907 33 
1 2065056778 37 
1 8415717634 73 
2 1120214135 39 
2 4246468201 64 
1 2858810638 58 
2 747123256 98 
3 9935797441 3618313048 81 
1 8973157506 29 
2 9587057469 57 
1 7925927792 57 
3 8415717634 935793747 97 
2 7829188425 26 
3 9018980666 7122659112 72 
2 3581116592 54 
2 9270215422 0 
3 6695114078 8973157506 77 
2 2541529239 57 
3 935793747 4369242345 14 
1 935793747 96 
2 9018980666 8 
1 6695114078 2 
1 935793747 31 
1 174998391 93 
1 2858810638 13 
2 7122659112 76 
2 8973157506 40 
2 3802053154 87 
3 8753741022 3618313048 26 
2 7966875725 43 
2 7966875725 57 
1 7966875725 43 
2 174998391 23 
2 9545985432 65 
1 8415717634 70 
3 1002749101 9270215422 0 
1 1498816692 2 
2 5009037618 4 
3 821056532 2858810638 58 
3 2520153333 7771170625 61 
2 3914926831 22 
2 6695114078 83 
2 7568387796 66 
3 3618313048 2016031590 75 
1 8873170148 81 
1 486674156 1 
2 9018980666 28 
3 2541529239 9848276226 86 
2 8996437265 22 
2 6759390071 90 
1 5840767630 19 
1 5994841076 88 
1 7966875725 83 
3 7150533332 6320590120 10 
3 31937644 4815210979 42 
2 5009037618 37 
1 7122659112 93 
3 8963067122 6081121454 40 
3 7568387796 6759390071 46 
2 4486324087 83 
2 3720400128 71 
1 418218165 67 
3 747123256 2541529239 71 
1 1498816692 74 
1 8778908070 3 
3 6759390071 1165136043 33 
1 4195283239 42 
1 7122659112 38 
3 1045596417 4194603084 51 
3 2520153333 2561528293 7 
2 1002749101 80 
3 1165136043 4246468201 72 
2 8987334379 69 
2 4815210979 25 
1 7422123202 92 
1 9545985432 55 
1 7568387796 95 
2 2065056778 35 
3 2743115177 3914926831 95 
3 2541529239 6738990470 19 
3 2520153333 8778908070 23 
1 343399861 0 
1 6710443778 20 
1 5009037618 36 
2 3618313048 28 
3 3618313048 174998391 47 
2 174998391 70 
2 1475717766 83 
1 6320590120 94 
2 3720400128 97 
2 4246468201 6 
3 9270215422 2016031590 57 
3 4486324087 5337444662 61 
1 3914926831 5 
2 316657494 86 
3 4815210979 2858810638 82 
2 8778908070 95 
2 1144590384 37 
2 8753741022 55 
2 5307936819 40 
2 2898250874 29 
3 5357480907 1475717766 38 
2 418218165 1 
2 8973157506 72 
1 6695114078 94 
2 9848276226 88 
2 1144590384 26 
2 8753741022 78 
1 935793747 37 
2 3914926831 27 
3 6416776223 9848276226 74 
3 7150533332 9270215422 87 
3 5051433082 6081121454 29 
3 496781290 9597476523 58 
2 7568387796 31 
3 8873170148 174998391 65 
1 418218165 30 
2 1045596417 34 
3 2541529239 8227611759 55 
2 6738990470 52 
3 7925927792 3955552424 7 
3 9270215422 7407104340 67 
2 6081121454 18 
3 6738990470 2561528293 26 
2 7925927792 16 
2 5840767630 62 
1 6710443778 6 
2 343399861 16 
2 9935797441 89 
3 6320590120 5337444662 42 
1 3914926831 45 
2 3955552424 61 
2 8753741022 62 
1 6328801212 43 
2 5385066661 65 
1 9032764784 40 
3 5307936819 9756454531 67 
1 486674156 26 
1 4246468201 70 
3 7771170625 5051433082 11 
2 9032764784 51 
2 3363743671 10 
1 2898250874 40 
1 7568387796 40 
1 935793747 81 
2 2761106134 39 
2 7422123202 82 
1 7966875725 28 
2 9848276226 71 
2 9018980666 94 
3 5307936819 1002749101 22 
3 2520153333 9587057469 25 
1 4892027506 22 
3 4216012053 174998391 63 
2 9270215422 18 
1 1475717766 15 
3 2743115177 7407104340 66 
3 1120214135 4892027506 60 
1 1165136043 99 
1 935793747 18 
3 7771170625 8415717634 8 
2 9935797441 35 
1 7925927792 59 
1 6320590120 61 
2 6081121454 26 
3 316657494 4892027506 88 
1 8996437265 26 
2 7966875725 60 
2 4246468201 25 
1 9545985432 85 
2 7829188425 0 
2 6320590120 25 
1 7771170625 35 
1 1449074698 55 
2 9270215422 35 
1 9244109902 28 
3 174998391 2858810638 30 
3 9848276226 2761106134 17 
3 174998391 4195283239 45 
2 9545985432 19 
2 3720400128 92 
2 3802053154 81 
3 8415717634 6738990470 20 
1 4815210979 67 
3 5307936819 5994841076 33 
2 9032764784 47 
1 1002749101 78 
2 9756454531 61 
3 5337444662 8739842630 37 
3 6738990470 8996437265 58 
3 5840767630 31937644 40 
3 4194603084 7605089898 74 
1 1498816692 65 
2 6328801212 60 
1 7150533332 76 
2 1633386137 31 
1 7925927792 95 
1 1002749101 33 
1 5337444662 35 
3 5686973402 4246468201 99 
1 3394614370 98 
3 2743115177 316657494 4 
1 2016031590 62 
2 3581116592 99 
2 5051433082 61 
2 7771170625 78 
3 2541529239 6695114078 37 
1 1449074698 19 
3 4815210979 4345172054 62 
4 280981337 
1 4486324087 14 
2 7925927792 49 
3 821056532 6695114078 49 
1 3914926831 6 
3 6759390071 5051433082 26 
1 9935797441 73 
3 3914926831 6180283029 56 
1 6759390071 21 
1 4195283239 5 
3 9597476523 8227611759 99 
2 5840767630 5 
3 2812008419 4345172054 80 
1 9270215422 35 
2 2898250874 10 
1 5009037618 13 
1 1449074698 9 
1 2898250874 96 
2 2812008419 82 
3 7422123202 821056532 85 
3 4216012053 4194603084 2 
3 1165136043 4815210979 54 
2 1120214135 26 
1 3802053154 94 
2 1144590384 34 
1 7966875725 87 
2 9756454531 0 
3 8963067122 3698180100 47 
1 6416776223 40 
2 486674156 87 
1 5357480907 4 
1 3363743671 48 
1 486674156 39 
1 6759390071 44 
3 2761106134 4246468201 58 
2 486674156 90 
2 9587057469 90 
1 3955552424 44 
3 8739842630 8873170148 89 
1 3698180100 90 
3 2761106134 1045596417 17 
3 7966875725 7966875725 38 
2 6759390071 73 
2 343399861 21 
3 7422123202 31937644 21 
3 9756454531 496781290 32 
3 6081121454 4369242345 58 
4 961135338 
1 8227611759 24 
3 2858810638 8973157506 65 
3 4195283239 9848276226 0 
3 3955552424 6759390071 57 
2 2743115177 11 
3 6416776223 3698180100 3 
3 8996437265 9848276226 89 
3 418218165 9597476523 67 
3 7771170625 9270215422 63 
1 1498816692 4 
2 1551872567 96 
3 6081121454 9018980666 67 
1 8963067122 8 
1 6320590120 49 
3 1449074698 2016031590 47 
2 496781290 15 
1 316657494 79 
1 8227611759 4 
2 1144590384 11 
2 1120214135 5 
2 8973157506 16 
1 935793747 63 
2 418218165 69 
1 2065056778 75 
2 1002749101 88 
2 4892027506 46 
2 5307936819 44 
1 8996437265 76 
2 486674156 82 
1 7150533332 62 
1 6180283029 21 
2 7407104340 91 
3 935793747 6710443778 42 
1 5385066661 84 
3 9848276226 7122659112 7 
1 7829188425 71 
3 1144590384 7925927792 60 
2 8873170148 94 
2 5994841076 41 
1 9848276226 1 
3 7422123202 6180283029 60 
3 316657494 6081121454 97 
3 4815210979 2520153333 53 
2 496781290 99 
2 3802053154 33 
2 6695114078 12 
1 6710443778 77 
2 9244109902 9 
1 821056532 5 
3 316657494 2520153333 52 
1 4431117765 69 
3 8227611759 6320590120 86 
1 9032764784 4 
2 4369242345 61 
3 8963067122 2520153333 25 
1 8987334379 89 
3 4892027506 31937644 72 
2 6328801212 60 
3 7407104340 8415717634 17 
2 343399861 77 
3 6759390071 1633386137 58 
3 4815210979 5686973402 66 
1 418218165 72 
1 1045596417 33 
1 5337444662 44 
1 1498816692 51 
1 5840767630 16 
1 1633386137 96 
2 3914926831 57 
1 1633386137 59 
1 5445319129 79 
3 1120214135 2812008419 57 
2 7422123202 33 
3 3581116592 31937644 0 
1 2016031590 17 
1 1449074698 34 
3 7122659112 2520153333 29 
3 8996437265 3698180100 14 
3 31937644 2743115177 47 
3 418218165 1633386137 84 
2 343399861 63 
1 7829188425 12 
3 2761106134 6598025345 0 
3 9756454531 9756454531 95 
3 4815210979 4194603084 48 
3 2520153333 3955552424 36 
3 3698180100 7829188425 43 
3 9018980666 1449074698 60 
3 3394614370 747123256 4 
3 4431117765 8415717634 20 
1 4194603084 31 
1 3914926831 3 
2 4815210979 15 
1 7150533332 53 
3 8415717634 1633386137 79 
3 496781290 4345172054 17 
2 3698180100 99 
1 6180283029 80 
3 7771170625 8996437265 66 
3 486674156 9270215422 44 
3 4345172054 9597476523 76 
2 5686973402 83 
3 418218165 9032764784 72 
3 174998391 4246468201 35 
1 4246468201 57 
3 4345172054 496781290 10 
2 3363743671 38 
3 9545985432 2898250874 93 
2 7605089898 27 
2 1449074698 68 
3 174998391 6081121454 62 
3 3720400128 7925927792 26 
2 343399861 33 
2 7966875725 51 
1 7605089898 36 
2 4216012053 80 
1 4431117765 83 
3 2858810638 8973157506 76 
3 7407104340 174998391 86 
2 1120214135 10 
2 9545985432 42 
2 7605089898 72 
2 8227611759 62 
3 5445319129 31937644 94 
3 4486324087 486674156 7 
2 9935797441 1 
2 496781290 83 
2 8973157506 41 
3 2016031590 2561528293 85 
3 1498816692 1144590384 10 
2 6598025345 84 
1 7122659112 48 
1 3581116592 68 
3 5337444662 5994841076 25 
1 7407104340 34 
2 6320590120 45 
3 4246468201 7605089898 48 
2 2561528293 4 
3 8778908070 821056532 44 
3 2858810638 7605089898 96 
2 3581116592 15 
3 2858810638 6710443778 53 
1 9756454531 62 
2 4195283239 62 
2 4815210979 97 
1 4815210979 34 
2 4815210979 54 
1 6416776223 55 
3 9597476523 4369242345 15 
1 1120214135 29 
2 935793747 59 
1 6598025345 52 
3 6759390071 7122659112 83 
3 5337444662 4486324087 64 
1 7925927792 92 
3 7966875725 7422123202 95 
2 2898250874 17 
1 821056532 9 
3 3618313048 4892027506 11 
3 7925927792 7771170625 78 
3 1449074698 5357480907 66 
2 6081121454 33 
2 3698180100 51 
3 5051433082 3394614370 56 
3 7150533332 4194603084 64 
1 5307936819 4 
2 343399861 91 
2 4194603084 93 
2 2016031590 57 
2 2016031590 96 
2 3363743671 12 
3 9848276226 5357480907 17 
2 9597476523 25 
1 3618313048 60 
2 7568387796 71 
3 6695114078 5337444662 37 
2 8778908070 28 
2 3720400128 42 
2 6759390071 32 
1 7568387796 82 
3 1165136043 3720400128 84 
2 3955552424 50 
3 486674156 6695114078 67 
3 8778908070 2743115177 77 
3 8987334379 7150533332 60 
3 8996437265 5009037618 62 
3 2743115177 4216012053 87 
1 2898250874 73 
3 3802053154 1551872567 24 
3 6328801212 8227611759 54 
3 8873170148 8973157506 28 
4 2846977 
3 6695114078 6180283029 27 
3 8987334379 6738990470 42 
1 1002749101 84 
3 747123256 821056532 61 
1 316657494 11 
3 4345172054 8739842630 4 
3 1144590384 3955552424 44 
1 2016031590 92 
3 9848276226 1475717766 74 
2 2743115177 28 
1 4246468201 63 
1 6081121454 55 
1 7829188425 96 
1 5445319129 83 
3 8739842630 7122659112 55 
2 2743115177 33 
2 3332877333 92 
3 5994841076 3955552424 89 
1 6180283029 65 
3 5445319129 486674156 2 
2 343399861 50 
2 5840767630 81 
1 8227611759 24 
2 496781290 38 
1 7568387796 64 
3 3618313048 821056532 90 
2 6695114078 20 
2 6416776223 82 
3 8987334379 2065056778 83 
2 7407104340 37 
2 174998391 67 
3 9545985432 4892027506 91 
2 3955552424 96 
1 418218165 18 
3 3955552424 1120214135 16 
3 1002749101 7966875725 80 
2 6081121454 56 
3 5009037618 1498816692 11 
1 496781290 81 
1 9597476523 90 
3 8227611759 174998391 6 
2 1449074698 42 
1 3332877333 81 
2 5445319129 11 
1 8987334379 69 
1 2812008419 6 
2 5051433082 16 
1 4892027506 11 
1 1498816692 15 
1 1498816692 15 
1 3363743671 27 
1 6598025345 88 
3 821056532 6180283029 84 
1 3581116592 28 
2 2858810638 69 
2 3802053154 22 
2 3332877333 57 
1 2858810638 99 
3 821056532 1475717766 87 
2 2065056778 87 
3 4431117765 3363743671 2 
1 8987334379 15 
1 5994841076 36 
1 8873170148 52 
3 5307936819 8753741022 61 
1 4246468201 98 
3 4195283239 6180283029 26 
1 3802053154 35 
1 486674156 85 
1 2520153333 51 
2 3394614370 69 
2 3332877333 57 
2 6320590120 71 
1 6081121454 26 
2 4431117765 81 
3 2898250874 1475717766 23 
3 2016031590 2561528293 33 
1 5445319129 95 
1 9244109902 97 
1 2561528293 73 
2 4892027506 38 
2 1120214135 74 
3 2541529239 2812008419 23 
1 7829188425 56 
3 6738990470 1120214135 60 
3 5009037618 9545985432 69 
1 6320590120 78 
1 7829188425 23 
2 5337444662 68 
1 6081121454 16 
1 9244109902 22 
3 2858810638 6738990470 5 
3 4246468201 1120214135 94 
3 6759390071 9756454531 58 
1 3332877333 87 
1 6328801212 62 
3 3394614370 7407104340 54 
2 2561528293 75 
5 6710443778 
5 8778908070 
5 4194603084 
